0.5 0.178732  0.000000  0.000232  0.034436  0.000000  0.000075  0.003921  0.000000  0.127953  0.224410  0.000000  0.074216  0.003881  0.003316  0.000000  0.085645  0.000000  0.000000  0.002779  0.047598  0.005266  0.000000  0.000000  0.007106  0.146430  0.000000  0.003645  0.050358   1.000000
real	4m34,035s
user	4m32,398s
sys	0m1,581s

0.7 0.048668  0.011858  0.009987  0.193273  0.266047  0.000000  0.018634  0.027606  0.000897  0.000928  0.000482  0.232390  0.050511  0.033134  0.045460  0.054079  0.000000  0.000684  0.000337  0.000467  0.000000  0.000719  0.000364  0.001054  0.000881  0.000627  0.000210  0.000703   1.000000

real	3m34,510s
user	3m33,320s
sys	0m1,146s

